10
30
18 17 38 29 28 28 23 10 12 28 5 38 8 7 12 17 47 30 40 5 10 26 38 35 19 29 1 2 1 1
30
45 43 25 34 4 28 41 22 14 11 27 40 32 38 32 25 37 32 6 8 25 49 49 39 46 48 45 14 1 12
30
4 30 34 44 32 8 22 25 39 47 49 39 47 8 44 45 36 49 17 22 23 40 35 44 14 21 40 28 9 49
30
4 34 33 46 39 8 4 32 16 5 2 11 16 31 38 17 5 38 40 39 1 48 30 8 20 47 8 5 1 12
30
26 14 17 1 5 5 27 43 30 23 14 19 8 38 10 31 20 49 41 36 34 7 12 37 1 1 8 1 1 1
30
15 40 16 46 10 10 5 43 13 38 48 44 40 10 9 33 36 25 17 35 37 3 37 15 37 10 17 12 34 39
30
27 42 22 28 30 21 16 4 29 48 38 47 22 45 7 27 39 42 23 31 39 12 19 23 25 24 5 40 28 49
30
39 29 31 36 28 27 34 25 12 41 18 29 18 3 21 42 15 33 41 39 35 38 20 27 22 20 7 11 40 1
30
23 36 18 10 7 32 41 38 24 29 14 31 49 19 46 15 17 36 27 28 40 44 36 15 2 49 11 25 23 49
30
37 49 36 23 23 46 14 15 9 7 9 7 48 6 5 48 35 29 47 32 43 46 44 4 1 1 1 1 1 1
