Case #1:
16 18 17 28 28 12 28 5 38 8 7 12 17 47 30 5 1
14 38 29 23 10 40 10 26 38 35 19 29 1 2 1
Case #2:
14 43 25 27 40 38 32 25 37 32 6 8 25 49 49
16 45 34 4 28 41 22 14 11 32 39 46 48 45 14 1 12
Case #3:
13 4 30 44 39 47 49 39 47 49 17 44 14 49
17 34 32 8 22 25 8 44 45 36 22 23 40 35 21 40 28 9
Case #4:
12 34 33 39 31 38 17 38 40 39 1 8 1
18 4 46 8 4 32 16 5 2 11 16 5 48 30 8 20 47 5 12
Case #5:
14 26 14 1 14 19 8 38 10 31 20 49 41 8 1
16 17 5 5 27 43 30 23 36 34 7 12 37 1 1 1 1
Case #6:
15 15 40 48 44 40 9 33 36 25 17 35 3 15 10 17
15 16 46 10 10 5 43 13 38 10 37 37 37 12 34 39
Case #7:
14 27 42 22 38 47 22 45 7 27 42 31 39 12 25
16 28 30 21 16 4 29 48 39 23 19 23 24 5 40 28 49
Case #8:
16 39 29 31 12 18 29 18 3 21 42 15 33 41 39 20 1
14 36 28 27 34 25 41 35 38 20 27 22 7 11 40
Case #9:
14 23 36 7 14 49 19 46 15 36 36 15 49 23 49
16 18 10 32 41 38 24 29 31 17 27 28 40 44 2 11 25
Case #10:
17 37 49 9 7 9 48 6 5 48 35 29 47 1 1 1 1 1
13 36 23 23 46 14 15 7 32 43 46 44 4 1
